16 14
10 10 20 00 00 00 20 00 00 00 30 10 10 30 
30 30 20 00 30 00 10 30 00 30 30 10 00 30 
30 00 00 00 10 20 00 20 20 30 20 20 30 10 
00 00 00 30 30 20 30 30 20 00 20 20 30 10 
30 30 00 20 30 00 20 10 20 30 30 00 20 10 
30 10 20 30 10 30 20 10 10 10 00 00 10 20 
20 00 30 20 30 30 00 30 30 30 00 10 20 30 
10 00 00 00 10 20 30 20 10 10 30 30 20 30 
30 30 10 10 30 00 30 30 30 00 20 20 30 20 
30 10 10 10 10 10 10 20 30 10 00 10 20 00 
00 10 30 30 00 10 00 00 10 00 30 10 00 10 
30 30 30 30 00 00 00 10 10 10 30 00 20 30 
10 10 30 10 20 30 00 20 00 10 20 10 10 10 
20 10 20 20 00 10 10 00 10 10 10 20 20 00 
30 10 30 00 20 30 20 00 20 20 20 20 30 10 
30 00 20 20 10 10 00 10 20 10 10 00 20 20 
Bull 1 0
Poco 2 0
